timestamp	host_x	host_y	host_delta_x	host_delta_y	host_report_screen	hopper_x	hopper_y	hopper_active_screen	last_host_x	last_host_y	last_host_screen	host_correction_x	host_correction_y	raw_dx	raw_dy	sent_dx 	sent_dy	predicted_dx	predicted_dy	movement_queued	movement_sent	host_reports_accepted	host_reports_ignored	last_ignore_reason	queue_depth	last_report_screen	last_report_id	local_tracking	hopper_tracking	local_resolution	hopper_resolution	local_frame_rate	hopper_frame_rate	local_fixed_multiplier	hopper_fixed_multiplier	local_placement_tolerance	hopper_placement_tolerance
2026-05-15T15:53:42.776Z	1291.074	135.25	653.855	-1.973	unknown	2300.938	117.459	0	1496.121	0	0	105.372	-0.004	-1	0	-7	0	-0.327	0	93567	93566	118	233	accepted	1	0	40.6875	0.6875	400	400	67	67	1	1	0.5	0.5
2026-05-15T15:53:42.876Z	1269.23	135.02	-21.844	-0.23	unknown	2245.743	135.005	0	1286.48	135.25	0	-45.946	17.791	0	0	-1	0	0	0	93579	93579	119	233	accepted	0	0	4	0.68750.6875	400	400	67	67	1	1	0.5	0.5
2026-05-15T15:53:42.977Z	1264.715	134.496	-4.515	-0.524	unknown	2236.369	134.165	0	1286.48	135.25	0	-45.946	17.791	-4	-1	-11	-1	-1.716	-0.368	93597	93596	119	233	accepted	1	0	4	0.6875	0.6875	400	400	67	67	1	1	0.5	0.5
2026-05-15T15:53:43.077Z	423.32	53.762	-841.395	-80.734	unknown	1332.702	49.733	0	1286.48	135.25	0	-45.946	17.791	-16	-1	-17	-1	-8.845	-0.553	93650	93649	119	233	accepted	1	0	4	0.6875	0.6875	400	400	67	67	1	1	0.5	0.5
2026-05-15T15:53:43.177Z	0	18.191	-423.32	-35.571	unknown	960.288	23.729	0	1286.48	135.25	0	-45.946	17.791	-3	0	-14	-1	-1.348	-0.061	93702	93701	119	233	accepted	1	0	4	0.6875	0.6875400	400	67	67	1	1	0.5	0.5
2026-05-15T15:53:43.276Z	0	10.09	0	-8.101	unknown	960	11.613	0	0	11.613	0	-0.043	-7.351	0	0	-1	0	0	0	93730	93730	120	233	accepted	0	0	4	0.6875	0.6875400	400	67	67	1	1	0.5	0.5
2026-05-15T15:53:43.378Z	0	10.09	0	0	unknown	960	11.613	0	0	11.613	0	-0.043	-7.351	0	0	-1	0	0	0	93730	93730	120	233	accepted	0	0	4	0.6875	0.6875400	400	67	67	1	1	0.5	0.5
2026-05-15T15:53:43.477Z	0	9.859	0	-0.231	unknown	960	8.175	0	0	11.613	0	-0.043	-7.351	-2	-3	-4	-8	-0.858	-1.206	93738	93737	120	233	accepted	1	0	4	0.6875	0.6875400	400	67	67	1	1	0.5	0.5
2026-05-15T15:53:43.578Z	0	0	0	-9.859	unknown	960	0.02	0	0	11.613	0	-0.043	-7.351	-2	-1	-6	-4	-0.614	-0.327	93790	93789	120	233	accepted	1	0	4	0.6875	0.6875400	400	67	67	1	1	0.5	0.5
2026-05-15T15:53:43.680Z	0	0	0	0	unknown	960	0	0	0	11.613	0	-0.043	-7.351	0	-2	0	-4	0	-0.532	93844	93843	120	233	accepted	1	0	4	0.6875	0.6875400	400	67	67	1	1	0.5	0.5
2026-05-15T15:53:43.777Z	0	0	0	0	unknown	960	0	0	0	11.613	0	-0.043	-7.351	-1	0	-1	-2	-0.246	0	93895	93894	120	233	accepted	1	0	4	0.6875	0.6875400	400	67	67	1	1	0.5	0.5
2026-05-15T15:53:43.878Z	0	0	0	0	unknown	960	0	0	0	11.613	0	-0.043	-7.351	0	0	0	-1	0	0	93913	93913	120	233	accepted	0	0	4	0.6875	0.6875400	400	67	67	1	1	0.5	0.5
2026-05-15T15:53:43.977Z	0	0	0	0	unknown	960	0	0	0	11.613	0	-0.043	-7.351	0	0	0	-1	0	0	93913	93913	120	233	accepted	0	0	4	0.6875	0.6875400	400	67	67	1	1	0.5	0.5
2026-05-15T15:53:44.076Z	0	0	0	0	unknown	960	0	0	0	11.613	0	-0.043	-7.351	0	0	0	-1	0	0	93913	93913	120	233	accepted	0	0	4	0.6875	0.6875400	400	67	67	1	1	0.5	0.5
2026-05-15T15:53:44.177Z	0	0	0	0	unknown	960	0	0	0	11.613	0	-0.043	-7.351	0	0	0	-1	0	0	93913	93913	120	233	accepted	0	0	4	0.6875	0.6875400	400	67	67	1	1	0.5	0.5
2026-05-15T15:53:44.276Z	122.16	0	122.16	0	unknown	1098.478	0	0	1.816	0	0	-2.769	0	13	-2	38	-6	13.931	-2.372	93946	93945	121	233	accepted	1	0	4	0.68750.6875	400	400	67	67	1	1	0.5	0.5
2026-05-15T15:53:44.377Z	940.813	0	818.653	0	unknown	1843.254	0	0	1.816	0	0	-2.769	0	-1	0	-2	0	-0.287	-0.02	93999	93998	121	233	accepted	1	0	4	0.68750.6875	400	400	67	67	1	1	0.5	0.5
2026-05-15T15:53:44.478Z	910.66	0	-30.153	0	unknown	1815.42	0	0	1.816	0	0	-2.769	0	0	0	0	-1	0	0	94039	94039	121	233	accepted	0	0	4	0.6875	0.6875400	400	67	67	1	1	0.5	0.5
2026-05-15T15:53:44.576Z	910.66	0	0	0	unknown	1815.42	0	0	1.816	0	0	-2.769	0	0	0	0	-1	0	0	94039	94039	121	233	accepted	0	0	4	0.6875	0.6875400	400	67	67	1	1	0.5	0.5
2026-05-15T15:53:44.676Z	910.66	0	0	0	unknown	1815.42	0	0	1.816	0	0	-2.769	0	0	0	0	-1	0	0	94039	94039	121	233	accepted	0	0	4	0.6875	0.6875400	400	67	67	1	1	0.5	0.5
2026-05-15T15:53:44.776Z	910.66	0	0	0	unknown	1815.42	0	0	1.816	0	0	-2.769	0	0	0	0	-1	0	0	94039	94039	121	233	accepted	0	0	4	0.6875	0.6875400	400	67	67	1	1	0.5	0.5
2026-05-15T15:53:44.877Z	910.66	0	0	0	unknown	1815.42	0	0	1.816	0	0	-2.769	0	0	0	0	-1	0	0	94039	94039	121	233	accepted	0	0	4	0.6875	0.6875400	400	67	67	1	1	0.5	0.5
2026-05-15T15:53:44.977Z	910.66	0	0	0	unknown	1815.174	0	0	1.816	0	0	-2.769	0	0	0	-1	0	0	0	94041	94041	121	233	accepted	0	0	4	0.68750.6875	400	400	67	67	1	1	0.5	0.5
2026-05-15T15:53:45.078Z	585.117	0	-325.543	0	unknown	1453.706	0	0	1.816	0	0	-2.769	0	-12	-2	-37	-8	-11.602	-2.182	94096	94095	121	233	accepted	1	0	4	0.6875	0.6875	400	400	67	67	1	1	0.5	0.5
2026-05-15T15:53:45.178Z	0	5.301	-585.117	5.301	unknown	960.161	4.299	0	1.816	0	0	-2.769	0	-4	0	-20	-1	-1.717	0	94148	94147	121	233	accepted	1	0	4	0.68750.6875	400	400	67	67	1	1	0.5	0.5
2026-05-15T15:53:45.277Z	0.227	0	0.227	-5.301	unknown	960.491	0	0	0	0	0	-0.039	-0.003	0	0	1	0	0	0	94184	94184	122	233	accepted	0	0	4	0.6875	0.6875400	400	67	67	1	1	0.5	0.5
2026-05-15T15:53:45.377Z	0.906	0	0.679	0	unknown	960.983	0	0	0	0	0	-0.039	-0.003	0	0	1	0	0	0	94185	94185	122	233	accepted	0	0	4	0.6875	0.6875400	400	67	67	1	1	0.5	0.5
2026-05-15T15:53:45.477Z	0.906	0	0	0	unknown	960.983	0	0	0	0	0	-0.039	-0.003	0	0	1	0	0	0	94185	94185	122	233	accepted	0	0	4	0.6875	0.6875400	400	67	67	1	1	0.5	0.5
2026-05-15T15:53:45.576Z	2.098	0	1.192	0	unknown	962.313	0	0	0	0	0	-0.039	-0.003	0	-1	0	-1	0	-0.246	94226	94225	122	233	accepted	1	0	4	0.6875	0.6875400	400	67	67	1	1	0.5	0.5
2026-05-15T15:53:45.676Z	1.176	0	-0.922	0	unknown	961.331	0	0	0	0	0	-0.039	-0.003	0	0	0	-1	0	0	94242	94242	122	233	accepted	0	0	4	0.6875	0.6875400	400	67	67	1	1	0.5	0.5
2026-05-15T15:53:45.777Z	1.176	0	0	0	unknown	961.331	0	0	0	0	0	-0.039	-0.003	0	0	0	-1	0	0	94242	94242	122	233	accepted	0	0	4	0.6875	0.6875400	400	67	67	1	1	0.5	0.5
2026-05-15T15:53:45.877Z	0	352.309	-1.176	352.309	unknown	960	392.727	0	0	0	0	-0.039	-0.003	-5	14	-16	45	-5.043	14.06	94292	94291	122	233	accepted	1	0	4	0.6875	0.6875400	400	67	67	1	1	0.5	0.5
2026-05-15T15:53:45.977Z	0	756.824	0	404.515	unknown	960	691.225	0	0	0	0	-0.039	-0.003	0	-1	0	-1	0	-0.246	94340	94339	122	233	accepted	1	0	4	0.6875	0.6875400	400	67	67	1	1	0.5	0.5
2026-05-15T15:53:46.077Z	0	738.531	0	-18.293	unknown	960.041	672.103	0	0	0	0	-0.039	-0.003	0	0	0	-1	0	0	94375	94375	122	233	accepted	0	0	4	0.6875	0.6875400	400	67	67	1	1	0.5	0.5
2026-05-15T15:53:46.177Z	0	738.531	0	0	unknown	960.041	672.103	0	0	0	0	-0.039	-0.003	0	0	0	-1	0	0	94377	94377	122	233	accepted	0	0	4	0.6875	0.6875400	400	67	67	1	1	0.5	0.5
2026-05-15T15:53:46.277Z	0	726.086	0	-12.445	unknown	960	725.611	0	0	731.387	0	-0.021	67.888	0	0	0	-1	0	0	94430	94430	123	233	accepted	0	0	4	0.6875	0.6875400	400	67	67	1	1	0.5	0.5
2026-05-15T15:53:46.377Z	0	722.398	0	-3.688	unknown	960	722.374	0	0	731.387	0	-0.021	67.888	0	0	-1	0	0	0	94442	94442	123	233	accepted	0	0	4	0.6875	0.6875400	400	67	67	1	1	0.5	0.5
2026-05-15T15:53:46.477Z	0	669.547	0	-52.851	unknown	960	668.465	0	0	731.387	0	-0.021	67.888	-1	-5	-1	-5	-0.327	-1.636	94478	94477	123	233	accepted	1	0	4	0.6875	0.6875400	400	67	67	1	1	0.5	0.5
2026-05-15T15:53:46.578Z	0	127.125	0	-542.422	unknown	960	194.649	0	0	731.387	0	-0.021	67.888	-2	-7	-6	-30	-1.435	-5.455	94530	94529	123	233	accepted	1	0	4	0.68750.6875	400	400	67	67	1	1	0.5	0.5
2026-05-15T15:53:46.678Z	0	0	0	-127.125	unknown	960	0.126	0	0	731.387	0	-0.021	67.888	-1	-3	-6	-16	-0.491	-1.349	94582	94581	123	233	accepted	1	0	4	0.68750.6875	400	400	67	67	1	1	0.5	0.5
2026-05-15T15:53:46.777Z	0	0	0	0	unknown	960	0.004	0	0	731.387	0	-0.021	67.888	0	0	0	-1	0	0	94612	94612	123	233	accepted	0	0	4	0.6875	0.6875400	400	67	67	1	1	0.5	0.5
2026-05-15T15:53:46.877Z	7.836	30.77	7.836	30.77	unknown	965.911	24.637	0	0	731.387	0	-0.021	67.888	0	0	1	2	0	0	94642	94642	123	233	accepted	0	0	4	0.6875	0.6875400	400	67	67	1	1	0.5	0.5
2026-05-15T15:53:46.977Z	7.836	30.77	0	0	unknown	965.911	24.637	0	0	731.387	0	-0.021	67.888	0	0	1	2	0	0	94642	94642	123	233	accepted	0	0	4	0.6875	0.6875400	400	67	67	1	1	0.5	0.5
2026-05-15T15:53:47.076Z	7.836	30.539	0	-0.231	unknown	965.911	23.655	0	0	731.387	0	-0.021	67.888	0	-1	-1	-2	0	-0.286	94649	94648	123	233	accepted	1	0	4	0.6875	0.6875400	400	67	67	1	1	0.5	0.5
2026-05-15T15:53:47.177Z	6.68	9.598	-1.156	-20.941	unknown	963.823	0.066	0	0	731.387	0	-0.021	67.888	-1	-1	-1	-4	-0.266	-0.286	94702	94701	123	233	accepted	1	0	4	0.6875	0.6875400	400	67	67	1	1	0.5	0.5
2026-05-15T15:53:47.276Z	0.551	0	-6.129	-9.598	unknown	960.224	0	0	1.473	0	0	1.397	-0.025	0	-1	0	-1	0	-0.246	94753	94753	124	233	accepted	0	0	4	0.6875	0.6875400	400	67	67	1	1	0.5	0.5
2026-05-15T15:53:47.376Z	0	0	-0.551	0	unknown	960.224	0	0	1.473	0	0	1.397	-0.025	0	0	-1	0	0	0	94764	94764	124	233	accepted	0	0	4	0.6875	0.6875400	400	67	67	1	1	0.5	0.5
2026-05-15T15:53:47.477Z	133.891	167.605	133.891	167.605	unknown	1103.986	178.517	0	1.473	0	0	1.397	-0.025	5	7	5	7	1.943	2.719	94808	94807	124	233	accepted	1	0	4	0.68750.6875	400	400	67	67	1	1	0.5	0.5
2026-05-15T15:53:47.577Z	291.098	441.527	157.207	273.922	unknown	1209.499	368.675	0	1.473	0	0	1.397	-0.025	0	1	2	5	0	0.286	94860	94859	124	233	accepted	1	0	4	0.68750.6875	400	400	67	67	1	1	0.5	0.5
2026-05-15T15:53:47.676Z	293.195	445.41	2.097	3.883	unknown	1210.42	367.934	0	1.473	0	0	1.397	-0.025	0	0	0	-1	0	0	94879	94879	124	233	accepted	0	0	4	0.6875	0.6875400	400	67	67	1	1	0.5	0.5
2026-05-15T15:53:47.776Z	292.965	445.41	-0.23	0	unknown	1210.175	367.934	0	1.473	0	0	1.397	-0.025	0	0	-1	0	0	0	94880	94880	124	233	accepted	0	0	4	0.68750.6875	400	400	67	67	1	1	0.5	0.5
2026-05-15T15:53:47.877Z	292.965	445.18	0	-0.23	unknown	1210.175	367.689	0	1.473	0	0	1.397	-0.025	0	0	0	-1	0	0	94881	94881	124	233	accepted	0	0	4	0.68750.6875	400	400	67	67	1	1	0.5	0.5
2026-05-15T15:53:47.977Z	292.965	445.18	0	0	unknown	1210.175	367.689	0	1.473	0	0	1.397	-0.025	0	0	0	-1	0	0	94881	94881	124	233	accepted	0	0	4	0.68750.6875	400	400	67	67	1	1	0.5	0.5
2026-05-15T15:53:48.077Z	292.965	445.18	0	0	unknown	1210.175	367.689	0	1.473	0	0	1.397	-0.025	0	0	0	-1	0	0	94881	94881	124	233	accepted	0	0	4	0.68750.6875	400	400	67	67	1	1	0.5	0.5
2026-05-15T15:53:48.177Z	293.871	446.086	0.906	0.906	unknown	1211.157	368.671	0	1.473	0	0	1.397	-0.025	0	0	1	0	0	0	94889	94889	124	233	accepted	0	0	4	0.68750.6875	400	400	67	67	1	1	0.5	0.5
2026-05-15T15:53:48.277Z	191.512	270.098	-102.359	-175.988	unknown	1173.606	306.504	0	244.359	360.527	0	35.636	65.111	-1	-3	-4	-10	-0.388	-1.103	94943	94942	125	233	accepted	1	0	40.6875	0.6875	400	400	67	67	1	1	0.5	0.5
2026-05-15T15:53:48.377Z	194.973	244.414	3.461	-25.684	unknown	1186.133	292.674	0	244.359	360.527	0	35.636	65.111	3	1	10	2	1.104	0.327	94988	94987	125	233	accepted	1	0	4	0.68750.6875	400	400	67	67	1	1	0.5	0.5
2026-05-15T15:53:48.477Z	288.227	258.75	93.254	14.336	unknown	1248.638	301.653	0	244.359	360.527	0	35.636	65.111	0	0	1	0	0	0	95032	95032	125	233	accepted	0	0	4	0.68750.6875	400	400	67	67	1	1	0.5	0.5
2026-05-15T15:53:48.577Z	288.227	258.75	0	0	unknown	1248.638	301.653	0	244.359	360.527	0	35.636	65.111	1	0	1	0	0.246	0	95036	95035	125	233	accepted	1	0	4	0.68750.6875	400	400	67	67	1	1	0.5	0.5
2026-05-15T15:53:48.677Z	400.426	359.066	112.199	100.316	unknown	1331.948	380.443	0	244.359	360.527	0	35.636	65.111	2	3	7	15	0.899	1.349	95088	95087	125	233	accepted	1	0	4	0.68750.6875	400	400	67	67	1	1	0.5	0.5
2026-05-15T15:53:48.777Z	443.867	567.438	43.441	208.372	unknown	1354.347	520.475	0	244.359	360.527	0	35.636	65.111	-3	1	-7	6	-1.103	0.449	95140	95139	125	233	accepted	1	0	4	0.68750.6875	400	400	67	67	1	1	0.5	0.5
2026-05-15T15:53:48.876Z	239.574	599.18	-204.293	31.742	unknown	1209.375	534.606	0	244.359	360.527	0	35.636	65.111	-2	-1	-9	-5	-0.777	-0.408	95192	95191	125	233	accepted	1	0	4	0.6875	0.6875	400	400	67	67	1	1	0.5	0.5
2026-05-15T15:53:48.977Z	229.086	386.785	-10.488	-212.395	unknown	1220.883	386.397	0	244.359	360.527	0	35.636	65.111	5	-2	6	-2	1.636	-0.654	95246	95245	125	233	accepted	1	0	4	0.6875	0.6875	400	400	67	67	1	1	0.5	0.5
2026-05-15T15:53:49.078Z	547.387	430.586	318.301	43.801	unknown	1447.812	437.499	0	244.359	360.527	0	35.636	65.111	3	6	4	10	1.042	2.086	95299	95298	125	233	accepted	1	0	4	0.68750.6875	400	400	67	67	1	1	0.5	0.5
2026-05-15T15:53:49.177Z	507.293	700.496	-40.094	269.91	unknown	1401.407	626.875	0	244.359	360.527	0	35.636	65.111	-5	1	-17	4	-2.658	0.531	95351	95350	125	233	accepted	1	0	4	0.68750.6875	400	400	67	67	1	1	0.5	0.5
2026-05-15T15:53:49.277Z	173.898	598.539	-333.395	-101.957	unknown	1172.138	623.818	0	262.016	680.504	0	9.806	84.675	0	-4	-2	-10	-0.081	-1.717	95404	95403	126	233	accepted	1	0	40.6875	0.6875	400	400	67	67	1	1	0.5	0.5
2026-05-15T15:53:49.377Z	304.738	473.285	130.84	-125.254	unknown	1289.622	544.637	0	262.016	680.504	0	9.806	84.675	6	0	24	-2	3.56	0	95456	95455	126	233	accepted	1	0	4	0.6875	0.6875	400	400	67	67	1	1	0.5	0.5
2026-05-15T15:53:49.477Z	605.223	579.559	300.485	106.274	unknown	1498.483	628.223	0	262.016	680.504	0	9.806	84.675	-1	2	-3	10	-0.368	0.777	95508	95507	126	233	accepted	1	0	4	0.68750.6875	400	400	67	67	1	1	0.5	0.5
2026-05-15T15:53:49.577Z	406.418	694.016	-198.805	114.457	unknown	1349.435	702.227	0	262.016	680.504	0	9.806	84.675	-4	-1	-16	0	-1.88	-0.387	95560	95559	126	233	accepted	1	0	4	0.6875	0.6875	400	400	67	67	1	1	0.5	0.5
2026-05-15T15:53:49.677Z	268.809	558.422	-137.609	-135.594	unknown	1266.196	597.519	0	262.016	680.504	0	9.806	84.675	1	-4	3	-17	0.47	-1.881	95612	95611	126	233	accepted	1	0	40.6875	0.6875	400	400	67	67	1	1	0.5	0.5
2026-05-15T15:53:49.777Z	403.496	419.926	134.687	-138.496	unknown	1371.527	513.37	0	262.016	680.504	0	9.806	84.675	5	1	20	1	2.658	0.429	95664	95663	126	233	accepted	1	0	4	0.6875	0.6875	400	400	67	67	1	1	0.5	0.5
2026-05-15T15:53:49.877Z	611.395	510.293	207.899	90.367	unknown	1507.519	583.533	0	262.016	680.504	0	9.806	84.675	-1	3	-1	12	-0.347	1.226	95716	95715	126	233	accepted	1	0	4	0.68750.6875	400	400	67	67	1	1	0.5	0.5
2026-05-15T15:53:49.977Z	455.781	621.012	-155.614	110.719	unknown	1388.617	651.444	0	262.016	680.504	0	9.806	84.675	-5	0	-20	0	-2.453	0	95768	95767	126	233	accepted	1	0	4	0.6875	0.6875	400	400	67	67	1	1	0.5	0.5
2026-05-15T15:53:50.077Z	311.207	511.629	-144.574	-109.383	unknown	1299.575	570.449	0	262.016	680.504	0	9.806	84.675	2	-3	5	-11	0.715	-1.104	95820	95819	126	233	accepted	1	0	40.6875	0.6875	400	400	67	67	1	1	0.5	0.5
2026-05-15T15:53:50.177Z	473.621	385.664	162.414	-125.965	unknown	1418.62	490.865	0	262.016	680.504	0	9.806	84.675	4	0	15	0	1.881	0	95872	95871	126	233	accepted	1	0	4	0.68750.6875	400	400	67	67	1	1	0.5	0.5
2026-05-15T15:53:50.277Z	567.965	486.203	94.344	100.539	unknown	1523.929	469.186	0	563.969	428.168	0	50.429	-99.589	-1	2	-4	11	-0.327	0.777	95924	95923	127	233	accepted	1	0	4	0.68750.6875	400	400	67	67	1	1	0.5	0.5
2026-05-15T15:53:50.377Z	490.18	539.082	-77.785	52.879	unknown	1461.136	495.554	0	563.969	428.168	0	50.429	-99.589	-3	-3	-12	-7	-1.492	-1.329	95976	95975	127	233	accepted	1	0	4	0.68750.6875	400	400	67	67	1	1	0.5	0.5
2026-05-15T15:53:50.477Z	383.73	405.172	-106.45	-133.91	unknown	1400.293	402.519	0	563.969	428.168	0	50.429	-99.589	3	0	11	-2	1.227	0	96028	96027	127	233	accepted	1	0	4	0.68750.6875	400	400	67	67	1	1	0.5	0.5
2026-05-15T15:53:50.577Z	512.992	541.551	129.262	136.379	unknown	1479.366	509.765	0	563.969	428.168	0	50.429	-99.589	-2	3	-8	14	-0.94	1.492	96080	96079	127	233	accepted	1	0	4	0.68750.6875	400	400	67	67	1	1	0.5	0.5
2026-05-15T15:53:50.677Z	234.203	585.754	-278.789	44.203	unknown	1278.336	519.105	0	563.969	428.168	0	50.429	-99.589	-1	-5	-5	-19	-0.552	-2.863	96132	96131	127	233	accepted	1	0	4	0.6875	0.6875	400	400	67	67	1	1	0.5	0.5
2026-05-15T15:53:50.777Z	611.434	394.508	377.231	-191.246	unknown	1667.449	402.555	0	563.969	428.168	0	50.429	-99.589	7	5	33	18	5.641	3.897	96184	96183	127	233	accepted	1	0	4	0.6875	0.6875	400	400	67	67	1	1	0.5	0.5
2026-05-15T15:53:50.878Z	419.805	617.648	-191.629	223.14	unknown	1415.817	538.049	0	563.969	428.168	0	50.429	-99.589	-7	-6	-30	-24	-5.456	-4.676	96237	96236	127	233	accepted	1	0	4	0.6875	0.6875	400	400	67	67	1	1	0.5	0.5
2026-05-15T15:53:50.977Z	592.387	326.707	172.582	-290.941	unknown	1668.189	337.654	0	563.969	428.168	0	50.429	-99.589	9	4	8	4	3.681	1.636	96290	96289	127	233	accepted	1	0	4	0.6875	0.6875	400	400	67	67	1	1	0.5	0.5
2026-05-15T15:53:51.077Z	395.711	513.387	-196.676	186.68	unknown	1420.406	468.259	0	563.969	428.168	0	50.429	-99.589	-6	-4	-28	-13	-3.806	-2.395	96342	96341	127	233	accepted	1	0	4	0.6875	0.6875	400	400	67	67	1	1	0.5	0.5
2026-05-15T15:53:51.177Z	626.191	355.051	230.48	-158.336	unknown	1676.354	374.486	0	563.969	428.168	0	50.429	-99.589	6	5	26	19	4.014	3.646	96394	96393	127	233	accepted	1	0	4	0.6875	0.6875	400	400	67	67	1	1	0.5	0.5
2026-05-15T15:53:51.277Z	341.648	532.895	-284.543	177.844	unknown	1334.091	514.293	0	575.57	581.465	0	-38.458	30.775	-5	-5	-25	-24	-3.275	-3.42	96446	96445	128	233	accepted	1	0	4	0.6875	0.6875	400	400	67	67	1	1	0.5	0.5
2026-05-15T15:53:51.377Z	589.117	353.828	247.469	-179.067	unknown	1590.71	408.858	0	575.57	581.465	0	-38.458	30.775	5	5	24	20	3.419	3.276	96498	96497	128	233	accepted	1	0	4	0.68750.6875	400	400	67	67	1	1	0.5	0.5
2026-05-15T15:53:51.477Z	424.465	557.016	-164.652	203.188	unknown	1428.373	546.806	0	575.57	581.465	0	-38.458	30.775	-4	-3	-18	-10	-2.127	-1.594	96550	96549	128	233	accepted	1	0	4	0.6875	0.6875	400	400	67	67	1	1	0.5	0.5
2026-05-15T15:53:51.576Z	504.883	491.711	80.418	-65.305	unknown	1501.803	510.073	0	575.57	581.465	0	-38.458	30.775	1	1	5	5	0.408	0.449	96602	96601	128	233	accepted	1	0	4	0.68750.6875	400	400	67	67	1	1	0.5	0.5
2026-05-15T15:53:51.677Z	440.68	566.172	-64.203	74.461	unknown	1443.824	559.73	0	575.57	581.465	0	-38.458	30.775	-3	0	-2	-1	-0.86	0	96656	96655	128	233	accepted	1	0	4	0.68750.6875	400	400	67	67	1	1	0.5	0.5
2026-05-15T15:53:51.777Z	424.586	425.727	-16.094	-140.445	unknown	1445.545	461.025	0	575.57	581.465	0	-38.458	30.775	2	0	8	-1	0.695	0	96708	96707	128	233	accepted	1	0	4	0.6875	0.6875	400	400	67	67	1	1	0.5	0.5
2026-05-15T15:53:51.877Z	475.203	463.227	50.617	37.5	unknown	1479.995	496.829	0	575.57	581.465	0	-38.458	30.775	-1	2	-1	8	-0.307	0.695	96760	96759	128	233	accepted	1	0	4	0.68750.6875	400	400	67	67	1	1	0.5	0.5
2026-05-15T15:53:51.977Z	449.734	481.309	-25.469	18.082	unknown	1452.158	504.991	0	575.57	581.465	0	-38.458	30.775	-1	-2	-3	-6	-0.327	-0.613	96812	96811	128	233	accepted	1	0	4	0.68750.6875	400	400	67	67	1	1	0.5	0.5
2026-05-15T15:53:52.077Z	464.684	455.352	14.95	-25.957	unknown	1472.492	485.712	0	575.57	581.465	0	-38.458	30.775	2	1	10	4	0.776	0.327	96864	96863	128	233	accepted	1	0	4	0.68750.6875	400	400	67	67	1	1	0.5	0.5
2026-05-15T15:53:52.177Z	506.027	486.934	41.343	31.582	unknown	1493.576	513.013	0	575.57	581.465	0	-38.458	30.775	-1	0	-6	1	-0.327	0	96916	96915	128	233	accepted	1	0	4	0.68750.6875	400	400	67	67	1	1	0.5	0.5
2026-05-15T15:53:52.277Z	446.051	451.781	-59.976	-35.153	unknown	1413.205	456.874	0	463.105	477.25	0	-35.306	-24.984	1	-1	1	-5	0.266	-0.286	96968	96967	129	233	accepted	1	0	4	0.68750.6875	400	400	67	67	1	1	0.5	0.5
2026-05-15T15:53:52.377Z	502.617	460.949	56.566	9.168	unknown	1461.444	469.592	0	463.105	477.25	0	-35.306	-24.984	1	2	5	7	0.45	0.776	97020	97019	129	233	accepted	1	0	4	0.68750.6875	400	400	67	67	1	1	0.5	0.5
2026-05-15T15:53:52.477Z	499.328	494.914	-3.289	33.965	unknown	1447.933	491.609	0	463.105	477.25	0	-35.306	-24.984	-1	-1	-7	-4	-0.388	-0.389	97072	97071	129	233	accepted	1	0	4	0.68750.6875	400	400	67	67	1	1	0.5	0.5
2026-05-15T15:53:52.576Z	469.766	457.758	-29.562	-37.156	unknown	1432.189	461.856	0	463.105	477.25	0	-35.306	-24.984	0	-1	1	0	0	-0.246	97124	97123	129	233	accepted	1	0	4	0.68750.6875	400	400	67	67	1	1	0.5	0.5
2026-05-15T15:53:52.678Z	477.492	455.734	7.726	-2.024	unknown	1438.291	460.3	0	463.105	477.25	0	-35.306	-24.984	0	0	0	-1	0	0	97138	97138	129	233	accepted	0	0	4	0.68750.6875	400	400	67	67	1	1	0.5	0.5
2026-05-15T15:53:52.779Z	477.262	452.047	-0.23	-3.687	unknown	1438.046	456.366	0	463.105	477.25	0	-35.306	-24.984	0	0	0	-1	0	0	97155	97155	129	233	accepted	0	0	4	0.68750.6875	400	400	67	67	1	1	0.5	0.5
2026-05-15T15:53:52.877Z	477.262	452.047	0	0	unknown	1438.046	456.366	0	463.105	477.25	0	-35.306	-24.984	0	0	0	-1	0	0	97155	97155	129	233	accepted	0	0	4	0.68750.6875	400	400	67	67	1	1	0.5	0.5
2026-05-15T15:53:52.976Z	504.531	446.734	27.269	-5.313	unknown	1477.231	448.144	0	463.105	477.25	0	-35.306	-24.984	11	-3	31	-9	8.574	-2.297	97174	97173	129	233	accepted	1	0	4	0.68750.6875	400	400	67	67	1	1	0.5	0.5
2026-05-15T15:53:53.077Z	1250.344	63.336	745.813	-383.398	unknown	2208.826	60.448	0	463.105	477.25	0	-35.306	-24.984	7	-4	37	-22	5.331	-3.117	97227	97226	129	233	accepted	1	0	40.6875	0.6875	400	400	67	67	1	1	0.5	0.5
2026-05-15T15:53:53.177Z	1562.332	0	311.988	-63.336	unknown	2434.367	0.015	0	463.105	477.25	0	-35.306	-24.984	0	0	1	0	0	0	97275	97275	129	233	accepted	0	0	4	0.6875	0.6875	400	400	67	67	1	1	0.5	0.5
2026-05-15T15:53:53.276Z	1562.785	0	0.453	0	unknown	2522.785	0	0	1562.785	0	0	88.418	-0.015	0	0	1	0	0	0	97275	97275	130	233	accepted	0	0	40.6875	0.6875	400	400	67	67	1	1	0.5	0.5
2026-05-15T15:53:53.378Z	1549.727	4.664	-13.058	4.664	unknown	2506.127	6.344	0	1562.785	0	0	88.418	-0.015	-2	0	-7	2	-0.695	0.041	97301	97300	130	233	accepted	1	0	40.6875	0.6875	400	400	67	67	1	1	0.5	0.5
2026-05-15T15:53:53.477Z	1448.863	16.836	-100.864	12.172	unknown	2430.532	14.484	0	1562.785	0	0	88.418	-0.015	-3	1	-6	1	-1.104	0.327	97354	97353	130	233	accepted	1	04 	0.6875	0.6875	400	400	67	67	1	1	0.5	0.5
2026-05-15T15:53:53.577Z	1331.367	32.734	-117.496	15.898	unknown	2347.335	24.669	0	1562.785	0	0	88.418	-0.015	-2	0	-11	-1	-0.777	0	97406	97405	130	233	accepted	1	04 	0.6875	0.6875	400	400	67	67	1	1	0.5	0.5
2026-05-15T15:53:53.677Z	1266.004	33.023	-65.363	0.289	unknown	2298.679	25.079	0	1562.785	0	0	88.418	-0.015	-1	0	-6	-1	-0.327	0	97458	97457	130	233	accepted	1	0	40.6875	0.6875	400	400	67	67	1	1	0.5	0.5
2026-05-15T15:53:53.777Z	1219.133	30.059	-46.871	-2.964	unknown	2257.546	21.416	0	1562.785	0	0	88.418	-0.015	-1	0	-4	-1	-0.287	0	97510	97509	130	233	accepted	1	0	40.6875	0.6875	400	400	67	67	1	1	0.5	0.5
2026-05-15T15:53:53.877Z	1220.496	26.988	1.363	-3.071	unknown	2262.832	18.589	0	1562.785	0	0	88.418	-0.015	0	0	1	0	0	0	97549	97549	130	233	accepted	0	0	40.6875	0.6875	400	400	67	67	1	1	0.5	0.5
2026-05-15T15:53:53.976Z	1234.824	19.613	14.328	-7.375	unknown	2278.891	10.949	0	1562.785	0	0	88.418	-0.015	0	0	1	0	0	0	97601	97601	130	233	accepted	0	0	40.6875	0.6875	400	400	67	67	1	1	0.5	0.5
2026-05-15T15:53:54.078Z	1240.715	20.746	5.891	1.133	unknown	2284.546	12.177	0	1562.785	0	0	88.418	-0.015	0	0	1	0	0	0	97627	97627	130	233	accepted	0	0	40.6875	0.6875	400	400	67	67	1	1	0.5	0.5
2026-05-15T15:53:54.178Z	1241.168	20.973	0.453	0.227	unknown	2285.038	12.423	0	1562.785	0	0	88.418	-0.015	0	0	1	0	0	0	97629	97629	130	233	accepted	0	0	40.6875	0.6875	400	400	67	67	1	1	0.5	0.5
2026-05-15T15:53:54.277Z	1191.137	35.836	-50.031	14.863	unknown	2154.537	34.696	0	1233.105	23.715	0	-80.961	7.791	-5	1	-13	4	-2.658	0.531	97676	97675	131	233	accepted	1	0	40.6875	0.6875	400	400	67	67	1	1	0.5	0.5
2026-05-15T15:53:54.376Z	843.418	141.207	-347.719	105.371	unknown	1902.281	111.392	0	1233.105	23.715	0	-80.961	7.791	-3	2	-11	4	-1.227	0.756	97728	97727	131	233	accepted	1	0	40.6875	0.6875	400	400	67	67	1	1	0.5	0.5
2026-05-15T15:53:54.477Z	762.328	168.32	-81.09	27.113	unknown	1848.111	129.127	0	1233.105	23.715	0	-80.961	7.791	0	0	-1	0	0	0	97776	97776	131	233	accepted	0	0	4	0.6875	0.6875	400	400	67	67	1	1	0.5	0.5
2026-05-15T15:53:54.578Z	745.047	159.063	-17.281	-9.257	unknown	1827.43	118.009	0	1233.105	23.715	0	-80.961	7.791	-1	0	-1	-1	-0.245	0	97826	97825	131	233	accepted	1	0	4	0.68750.6875	400	400	67	67	1	1	0.5	0.5
2026-05-15T15:53:54.677Z	685.328	150.836	-59.719	-8.227	unknown	1774.153	110.948	0	1233.105	23.715	0	-80.961	7.791	-3	0	-9	0	-1.104	0	97878	97877	131	233	accepted	1	0	4	0.6875	0.6875	400	400	67	67	1	1	0.5	0.5
2026-05-15T15:53:54.777Z	628.184	150.836	-57.144	0	unknown	1736.022	110.948	0	1233.105	23.715	0	-80.961	7.791	0	0	-1	0	0	0	97912	97912	131	233	accepted	0	0	4	0.6875	0.6875	400	400	67	67	1	1	0.5	0.5
2026-05-15T15:53:54.876Z	622.422	149.223	-5.762	-1.613	unknown	1729.875	109.227	0	1233.105	23.715	0	-80.961	7.791	0	0	-1	-1	0	0	97941	97941	131	233	accepted	0	0	4	0.6875	0.6875	400	400	67	67	1	1	0.5	0.5
2026-05-15T15:53:54.977Z	622.422	148.762	0	-0.461	unknown	1729.875	108.49	0	1233.105	23.715	0	-80.961	7.791	0	0	0	-1	0	0	97945	97945	131	233	accepted	0	0	4	0.6875	0.6875	400	400	67	67	1	1	0.5	0.5
2026-05-15T15:53:55.077Z	627.633	145.074	5.211	-3.688	unknown	1735.529	104.801	0	1233.105	23.715	0	-80.961	7.791	0	0	1	0	0	0	97978	97978	131	233	accepted	0	0	4	0.6875	0.6875	400	400	67	67	1	1	0.5	0.5
2026-05-15T15:53:55.176Z	627.633	143	0	-2.074	unknown	1735.529	102.097	0	1233.105	23.715	0	-80.961	7.791	0	0	0	-1	0	0	97990	97990	131	233	accepted	0	0	4	0.6875	0.6875	400	400	67	67	1	1	0.5	0.5
2026-05-15T15:53:55.277Z	627.859	141.156	0.226	-1.844	unknown	1587.859	140.911	0	627.859	141.156	0	-147.916	40.535	0	0	0	-1	0	0	97997	97997	132	233	accepted	0	0	4	0.6875	0.6875	400	400	67	67	1	1	0.5	0.5
